[446, 1, 64, 68]
[317, 1, 128, 110]
[189, 1, 128, 115]
[0, 0, 188, 144]
[446, 71, 64, 64]
[191, 118, 67, 59]
[259, 117, 57, 70]
[319, 114, 120, 103]
[440, 138, 66, 65]
[61, 146, 64, 62]
[2, 146, 58, 70]
[127, 146, 56, 69]
[184, 179, 69, 58]
[256, 190, 59, 61]
[441, 205, 66, 66]
[62, 210, 62, 62]
[126, 218, 57, 64]
[317, 220, 64, 59]
[1, 219, 56, 67]
[383, 219, 54, 66]
[185, 240, 62, 61]
[249, 254, 64, 59]
[438, 274, 67, 57]
[59, 275, 62, 61]
[315, 280, 66, 59]
[124, 284, 57, 64]
[1, 287, 57, 66]
[383, 287, 54, 66]
[183, 304, 64, 59]
[249, 315, 62, 60]
[439, 333, 60, 60]
[59, 338, 62, 60]
[313, 341, 62, 60]
[123, 350, 58, 64]
[0, 353, 57, 66]
[378, 356, 55, 64]
[183, 366, 63, 59]
[247, 377, 62, 60]
[59, 400, 62, 60]
[311, 403, 62, 59]
[123, 416, 58, 64]
[2, 421, 55, 64]
[184, 427, 57, 64]
[243, 439, 64, 52]