[434, 2, 67, 69]
[308, 1, 124, 98]
[181, 1, 125, 100]
[3, 2, 175, 146]
[434, 75, 66, 67]
[181, 104, 67, 64]
[307, 101, 118, 94]
[430, 145, 66, 67]
[69, 151, 69, 63]
[1, 150, 66, 69]
[141, 172, 70, 62]
[213, 172, 69, 61]
[356, 197, 65, 58]
[285, 198, 70, 58]
[424, 212, 68, 56]
[69, 215, 66, 67]
[2, 222, 62, 63]
[213, 235, 69, 56]
[136, 237, 72, 56]
[284, 258, 69, 54]
[357, 257, 65, 58]
[423, 273, 69, 52]
[0, 285, 64, 59]
[66, 286, 65, 59]
[211, 292, 69, 54]
[134, 295, 69, 54]
[281, 315, 69, 54]
[354, 318, 66, 54]
[420, 328, 69, 53]
[73, 346, 58, 54]
[0, 348, 72, 52]
[132, 350, 72, 55]
[206, 351, 69, 52]
[279, 372, 69, 53]
[350, 376, 69, 53]
[422, 384, 68, 53]
[0, 402, 72, 52]
[73, 402, 59, 54]
[205, 406, 66, 54]
[133, 408, 60, 53]
[273, 427, 69, 54]
[342, 431, 69, 54]
[414, 441, 66, 52]
[1, 457, 65, 53]