[441, 2, 69, 55]
[191, 2, 123, 99]
[316, 1, 122, 104]
[3, 2, 186, 143]
[440, 60, 68, 57]
[307, 107, 66, 64]
[374, 107, 64, 66]
[189, 103, 115, 94]
[440, 120, 66, 56]
[1, 147, 65, 59]
[67, 147, 64, 59]
[134, 146, 53, 67]
[306, 172, 66, 63]
[439, 177, 67, 54]
[374, 175, 64, 62]
[189, 199, 64, 56]
[64, 208, 64, 58]
[2, 209, 61, 58]
[130, 214, 57, 70]
[440, 233, 64, 60]
[255, 237, 64, 57]
[321, 239, 64, 50]
[189, 257, 60, 58]
[65, 268, 62, 57]
[130, 286, 57, 69]
[321, 291, 62, 60]
[449, 295, 62, 58]
[2, 296, 61, 58]
[386, 296, 62, 59]
[252, 295, 57, 66]
[190, 317, 58, 62]
[66, 326, 59, 58]
[449, 355, 62, 58]
[1, 357, 62, 57]
[312, 354, 55, 65]
[127, 357, 57, 67]
[250, 364, 55, 65]
[186, 382, 55, 64]
[64, 387, 57, 67]
[2, 415, 59, 70]
[294, 431, 53, 67]
[181, 447, 54, 64]
[237, 447, 54, 64]
[124, 448, 55, 64]