[227, 0, 121, 108]
[107, 1, 118, 109]
[0, 1, 106, 111]
[231, 113, 56, 69]
[175, 114, 55, 67]
[345, 113, 54, 70]
[288, 114, 56, 69]
[401, 113, 51, 72]
[454, 113, 49, 72]
[0, 113, 173, 153]
[59, 267, 58, 62]
[118, 268, 54, 61]
[173, 267, 56, 64]
[231, 267, 57, 64]
[290, 268, 59, 63]
[350, 268, 58, 63]
[410, 268, 59, 63]
[0, 268, 58, 65]
[0, 334, 56, 64]
[114, 334, 52, 66]
[167, 334, 52, 66]
[220, 334, 52, 66]
[273, 334, 52, 66]
[433, 334, 53, 66]
[326, 335, 52, 65]
[379, 335, 52, 65]
[58, 335, 55, 67]
[449, 403, 55, 62]
[1, 403, 53, 66]
[393, 404, 54, 63]
[55, 403, 52, 68]
[108, 403, 52, 68]
[162, 403, 57, 68]
[221, 403, 57, 68]
[279, 404, 56, 69]
[336, 404, 56, 69]
[0, 474, 56, 48]
[57, 474, 58, 60]
[302, 475, 63, 57]
[239, 474, 61, 66]
[430, 474, 61, 66]
[116, 474, 60, 69]
[177, 475, 60, 69]
[366, 474, 62, 72]